# Created by Octave 4.0.0, Thu Jan 18 22:30:40 2018 CET <christian@christian-HP-Pavilion-17-Notebook-PC>
# name: result
# type: scalar
6857


